68
146.542380 251.384563
142.622781 257.785503
145.951183 280.418639
146.616864 292.400888
151.276627 303.717456
159.930473 319.028107
171.247041 332.341716
149.279586 419.545858
215.181953 451.498521
229.161243 368.288462
243.806213 360.300296
266.439349 345.655325
287.045802 327.428701
300.558230 310.842499
309.764772 284.670235
314.156229 259.768024
316.601065 236.683685
137.365517 235.230719
144.434378 231.688046
154.020273 234.952196
163.948466 238.359073
175.069189 243.000650
203.800832 237.651983
216.980114 228.999222
234.483089 225.425527
253.147846 224.197071
270.973610 228.601747
187.753966 250.539561
185.736762 265.573766
183.364519 280.707429
181.057101 295.924550
171.563096 297.977181
175.730844 304.274459
185.465767 309.079966
197.760758 305.391514
210.367573 299.657198
153.789607 252.315733
160.794072 248.804275
170.045139 247.561522
179.813775 250.413276
169.990799 253.499304
161.448567 255.187068
217.178994 247.800296
229.395690 246.420882
247.134615 235.152367
250.463018 247.800296
244.471893 261.113905
229.337326 252.718708
176.757738 317.226173
183.091458 316.851344
189.157697 319.118912
194.503491 320.748743
202.059998 319.438921
218.353525 319.989611
235.818047 319.693787
219.375997 337.398921
205.599413 344.306435
197.318842 343.908125
190.703102 341.936957
183.001416 333.405103
183.179438 321.537376
189.870394 324.347931
195.642822 326.102769
202.462779 326.062097
227.926245 324.148812
202.910443 330.725720
195.888365 330.825927
190.261262 327.885199
