68
146.542380 251.384563
155.936391 271.099112
145.450561 284.889488
158.599112 289.738166
158.701006 315.355692
169.934688 329.533836
181.669886 344.835860
191.612485 363.495085
208.362390 374.964721
231.391445 371.434180
259.116864 350.315089
263.110947 321.690828
276.424556 337.667160
294.397929 319.028107
309.764772 284.670235
314.156229 259.768024
316.601065 236.683685
137.365517 235.230719
163.924556 217.844675
177.238166 226.498521
163.948466 238.359073
175.069189 243.000650
203.800832 237.651983
216.980114 228.999222
234.483089 225.425527
253.147846 224.197071
270.973610 228.601747
187.753966 250.539561
185.736762 265.573766
183.364519 280.707429
181.057101 295.924550
171.563096 297.977181
175.730844 304.274459
185.465767 309.079966
197.760758 305.391514
210.367573 299.657198
153.789607 252.315733
160.794072 248.804275
170.045139 247.561522
179.813775 250.413276
169.990799 253.499304
161.448567 255.187068
219.841716 247.134615
233.821006 237.149408
245.137574 235.152367
249.300679 250.008056
247.800296 264.442308
233.821006 264.442308
176.757738 317.226173
183.091458 316.851344
189.157697 319.118912
194.503491 320.748743
202.059998 319.438921
226.498521 303.051775
237.750825 320.397035
219.375997 337.398921
219.841716 344.989645
199.871302 354.309172
190.703102 341.936957
183.001416 333.405103
183.179438 321.537376
189.870394 324.347931
195.642822 326.102769
202.462779 326.062097
227.926245 324.148812
202.910443 330.725720
195.888365 330.825927
190.261262 327.885199