68
146.542380 251.384563
143.954142 257.785503
142.622781 285.744083
151.942308 305.714497
159.930473 317.696746
169.934688 329.533836
181.669886 344.835860
191.612485 363.495085
208.362390 374.964721
231.391445 371.434180
249.916650 359.337323
266.387488 346.188584
287.045802 327.428701
300.558230 310.842499
309.764772 284.670235
314.156229 259.768024
316.601065 236.683685
137.365517 235.230719
144.434378 231.688046
154.020273 234.952196
163.948466 238.359073
175.069189 243.000650
203.800832 237.651983
216.980114 228.999222
234.483089 225.425527
253.147846 224.197071
270.973610 228.601747
187.753966 250.539561
185.736762 265.573766
183.364519 280.707429
181.057101 295.924550
171.563096 297.977181
175.730844 304.274459
185.465767 309.079966
197.760758 305.391514
210.367573 299.657198
153.789607 252.315733
160.794072 248.804275
170.045139 247.561522
179.813775 250.413276
169.990799 253.499304
161.448567 255.187068
217.016930 250.307675
229.395690 246.420882
239.507191 248.044764
249.300679 250.008056
239.712841 252.039660
229.337326 252.718708
176.757738 317.226173
183.091458 316.851344
189.157697 319.118912
194.503491 320.748743
202.059998 319.438921
218.353525 319.989611
237.750825 320.397035
219.375997 337.398921
205.599413 344.306435
197.318842 343.908125
190.703102 341.936957
183.001416 333.405103
183.179438 321.537376
189.870394 324.347931
195.642822 326.102769
202.462779 326.062097
227.926245 324.148812
202.910443 330.725720
195.888365 330.825927
190.261262 327.885199
